[LEFT_CAM_2K]
fx=1398.73
fy=1398.73
cx=1153.41
cy=682.425
k1=-0.168763
k2=0.025316

[RIGHT_CAM_2K]
fx=1398.7
fy=1398.7
cx=1147.87
cy=709.307
k1=-0.165289
k2=0.0233349

[STEREO]
CV_2K=0.0116937
RX_2K=0.00717716
RZ_2K=3.54942e-05
BaseLine=119.989
CV_FHD=0.0116937
RX_FHD=0.00717716
RZ_FHD=3.54942e-05
CV_HD=0.0116937
RX_HD=0.00717716
RZ_HD=3.54942e-05
CV_VGA=0.0116937
RX_VGA=0.00717716
RZ_VGA=3.54942e-05

[LEFT_CAM_FHD]
fx=1398.73
fy=1398.73
cx=1009.41
cy=601.425
k1=-0.168763
k2=0.025316

[RIGHT_CAM_FHD]
fx=1398.7
fy=1398.7
cx=1003.87
cy=628.307
k1=-0.165289
k2=0.0233349

[LEFT_CAM_HD]
fx=699.366
fy=699.366
cx=663.205
cy=389.213
k1=-0.168763
k2=0.025316

[RIGHT_CAM_HD]
fx=699.35
fy=699.35
cx=660.433
cy=402.653
k1=-0.165289
k2=0.0233349

[LEFT_CAM_VGA]
fx=349.683
fy=349.683
cx=346.602
cy=201.606
k1=-0.168763
k2=0.025316

[RIGHT_CAM_VGA]
fx=349.675
fy=349.675
cx=345.216
cy=208.327
k1=-0.165289
k2=0.0233349
